	D1af	D3af	D5bf	D1bf	C12	C11
D1af	0.0	0.514567926049	0.680534721169	0.421599684313	0.996266147189	0.993402447747
D3af	0.514567926049	0.0	0.734144484334	0.782264635483	0.998561735258	0.996550125551
D5bf	0.680534721169	0.734144484334	0.0	0.27970675791	0.352801309432	0.36024582221
D1bf	0.421599684313	0.782264635483	0.27970675791	0.0	0.147203257975	0.0870508060945
C12	0.996266147189	0.998561735258	0.352801309432	0.147203257975	0.0	0.0185465278978
C11	0.993402447747	0.996550125551	0.36024582221	0.0870508060945	0.0185465278978	0.0