	D1af	D3af	D5bf	D1bf	C12	C11
D1af	0.0	0.35675176721	0.757510780343	0.283238282521	0.998140406152	0.998746588506
D3af	0.35675176721	0.0	0.787557959889	0.679447380785	0.999108546161	0.998780899794
D5bf	0.757510780343	0.787557959889	0.0	0.255387409047	0.20120894097	0.191248263746
D1bf	0.283238282521	0.679447380785	0.255387409047	0.0	0.469958153523	0.463759385027
C12	0.998140406152	0.999108546161	0.20120894097	0.469958153523	0.0	0.000345028578782
C11	0.998746588506	0.998780899794	0.191248263746	0.463759385027	0.000345028578782	0.0