	D1af	D3af	D5bf	D1bf	C12	C11
D1af	0.0	0.316455696203	0.634408602151	0.397727272727	0.891891891892	0.8125
D3af	0.316455696203	0.0	0.683544303797	0.556962025316	0.918918918919	0.895833333333
D5bf	0.634408602151	0.683544303797	0.0	0.647727272727	0.675675675676	0.729166666667
D1bf	0.397727272727	0.556962025316	0.647727272727	0.0	0.486486486486	0.4375
C12	0.891891891892	0.918918918919	0.675675675676	0.486486486486	0.0	0.243243243243
C11	0.8125	0.895833333333	0.729166666667	0.4375	0.243243243243	0.0