	D1af	D3af	D5bf	D1bf	C12	C11
D1af	0.0	0.620143884892	0.728057553957	0.439136690647	0.996258992806	0.995395683453
D3af	0.620143884892	0.0	0.836834532374	0.795971223022	0.998561151079	0.99654676259
D5bf	0.728057553957	0.836834532374	0.0	0.47309352518	0.516258992806	0.516834532374
D1bf	0.439136690647	0.795971223022	0.47309352518	0.0	0.659568345324	0.654676258993
C12	0.996258992806	0.998561151079	0.516258992806	0.659568345324	0.0	0.041726618705
C11	0.995395683453	0.99654676259	0.516834532374	0.654676258993	0.041726618705	0.0