	D1af	D3af	D5bf	D1bf	C12	C11
D1af	0.0	0.374410435821	0.740969575599	0.280399697847	0.998146989097	0.998385642258
D3af	0.374410435821	0.0	0.773024359292	0.682416870772	0.99910700076	0.997538463159
D5bf	0.740969575599	0.773024359292	0.0	0.24854580676	0.218870659781	0.206149474346
D1bf	0.280399697847	0.682416870772	0.24854580676	0.0	0.470642679935	0.462778327956
C12	0.998146989097	0.99910700076	0.218870659781	0.470642679935	0.0	0.000634234606265
C11	0.998385642258	0.997538463159	0.206149474346	0.462778327956	0.000634234606265	0.0