	D1af	D3af	D5bf	D1bf	C12	C11
D1af	0.0	0.632831868671	0.672198908823	0.665383679999	0.838904395418	0.810440619752
D3af	0.632831868671	0.0	0.674372953181	0.652079654324	0.762520519713	0.767894182363
D5bf	0.672198908823	0.674372953181	0.0	0.723432081594	0.772931401878	0.780864545691
D1bf	0.665383679999	0.652079654324	0.723432081594	0.0	0.671909218926	0.628114024512
C12	0.838904395418	0.762520519713	0.772931401878	0.671909218926	0.0	0.370509198261
C11	0.810440619752	0.767894182363	0.780864545691	0.628114024512	0.370509198261	0.0