	D1af	D3af	D5bf	D1bf	C12	C11
D1af	0.0	0.261615605755	0.211426238849	0.174692002878	0.354075073381	0.351362060432
D3af	0.261615605755	0.0	0.346470166906	0.349532466187	0.427225107914	0.426086920863
D5bf	0.211426238849	0.346470166906	0.0	0.1535516	0.20933701295	0.206460713669
D1bf	0.174692002878	0.349532466187	0.1535516	0.0	0.200825551079	0.198766097842
C12	0.354075073381	0.427225107914	0.20933701295	0.200825551079	0.0	0.00555625323741
C11	0.351362060432	0.426086920863	0.206460713669	0.198766097842	0.00555625323741	0.0