	D1af	D3af	D5bf	D1bf	C12	C11
D1af	0.0	0.365228031069	0.711370529247	0.281757151758	0.99814527224	0.998384270396
D3af	0.365228031069	0.0	0.748349700737	0.680635549707	0.999108046395	0.99785925538
D5bf	0.711370529247	0.748349700737	0.0	0.238661479682	0.234610861461	0.223507415035
D1bf	0.281757151758	0.680635549707	0.238661479682	0.0	0.470343786068	0.463472212913
C12	0.99814527224	0.999108046395	0.234610861461	0.470343786068	0.0	0.000434488395586
C11	0.998384270396	0.99785925538	0.223507415035	0.463472212913	0.000434488395586	0.0