	D1af	D3af	D5bf	D1bf	C12	C11
D1af	0.0	0.376623376623	0.65625	0.454545454545	0.864864864865	0.875
D3af	0.376623376623	0.0	0.675324675325	0.545454545455	0.891891891892	0.9375
D5bf	0.65625	0.675324675325	0.0	0.625	0.675675675676	0.6875
D1bf	0.454545454545	0.545454545455	0.625	0.0	0.486486486486	0.4375
C12	0.864864864865	0.891891891892	0.675675675676	0.486486486486	0.0	0.162162162162
C11	0.875	0.9375	0.6875	0.4375	0.162162162162	0.0