	D1af	D3af	D5bf	D1bf	C12	C11
D1af	0.0	0.559633027523	0.721518987342	0.580786026201	0.943820224719	0.936507936508
D3af	0.559633027523	0.0	0.71098265896	0.575757575758	0.929824561404	0.952
D5bf	0.721518987342	0.71098265896	0.0	0.641304347826	0.81954887218	0.791666666667
D1bf	0.580786026201	0.575757575758	0.641304347826	0.0	0.696	0.602941176471
C12	0.943820224719	0.929824561404	0.81954887218	0.696	0.0	0.270588235294
C11	0.936507936508	0.952	0.791666666667	0.602941176471	0.270588235294	0.0