	D1af	D3af	D5bf	D1bf	C12	C11
D1af	0.0	0.612868944691	0.664443311472	0.69339943562	0.827373879092	0.816829004006
D3af	0.612868944691	0.0	0.647278423278	0.646134565259	0.754864570439	0.767388718807
D5bf	0.664443311472	0.647278423278	0.0	0.713342207477	0.781340486384	0.785956751968
D1bf	0.69339943562	0.646134565259	0.713342207477	0.0	0.671909218926	0.571698690504
C12	0.827373879092	0.754864570439	0.781340486384	0.671909218926	0.0	0.314036297654
C11	0.816829004006	0.767388718807	0.785956751968	0.571698690504	0.314036297654	0.0