	D1af	D3af	D5bf	D1bf	C12	C11
D1af	0.0	0.211569366208	0.703761452111	0.418150592851	0.995405903184	0.992829901763
D3af	0.211569366208	0.0	0.702240335121	0.483516470863	0.996263126243	0.997412112363
D5bf	0.703761452111	0.702240335121	0.0	0.275992564676	0.346708579065	0.353910076673
D1bf	0.418150592851	0.483516470863	0.275992564676	0.0	0.147484625525	0.137806737386
C12	0.995405903184	0.996263126243	0.346708579065	0.147484625525	0.0	0.0200086129791
C11	0.992829901763	0.997412112363	0.353910076673	0.137806737386	0.0200086129791	0.0