	D1af	D3af	D5bf	D1bf	C12	C11
D1af	0.0	0.54128440367	0.733905579399	0.577092511013	0.943181818182	0.936507936508
D3af	0.54128440367	0.0	0.664739884393	0.580838323353	0.931034482759	0.937984496124
D5bf	0.733905579399	0.664739884393	0.0	0.67032967033	0.847328244275	0.847222222222
D1bf	0.577092511013	0.580838323353	0.67032967033	0.0	0.696	0.608695652174
C12	0.943181818182	0.931034482759	0.847328244275	0.696	0.0	0.333333333333
C11	0.936507936508	0.937984496124	0.847222222222	0.608695652174	0.333333333333	0.0