	D1af	D3af	D5bf	D1bf	C12	C11
D1af	0.0	0.367088607595	0.670212765957	0.454545454545	0.864864864865	0.88
D3af	0.367088607595	0.0	0.632911392405	0.556962025316	0.891891891892	0.92
D5bf	0.670212765957	0.632911392405	0.0	0.659090909091	0.72972972973	0.78
D1bf	0.454545454545	0.556962025316	0.659090909091	0.0	0.486486486486	0.46
C12	0.864864864865	0.891891891892	0.72972972973	0.486486486486	0.0	0.216216216216
C11	0.88	0.92	0.78	0.46	0.216216216216	0.0