	D1af	D3af	D5bf	D1bf	C12	C11
D1af	0.0	0.60690647482	0.740143884892	0.437697841727	0.995971223022	0.996834532374
D3af	0.60690647482	0.0	0.846043165468	0.793956834532	0.998273381295	0.997985611511
D5bf	0.740143884892	0.846043165468	0.0	0.486043165468	0.501007194245	0.502446043165
D1bf	0.437697841727	0.793956834532	0.486043165468	0.0	0.65928057554	0.654676258993
C12	0.995971223022	0.998273381295	0.501007194245	0.65928057554	0.0	0.0328057553957
C11	0.996834532374	0.997985611511	0.502446043165	0.654676258993	0.0328057553957	0.0