	D1af	D3af	D5bf	D1bf	C12	C11
D1af	0.0	0.639465942146	0.662117640495	0.681046333497	0.827011921859	0.843972298718
D3af	0.639465942146	0.0	0.651550099451	0.639142207337	0.747385743879	0.807588789903
D5bf	0.662117640495	0.651550099451	0.0	0.715856362593	0.784070304017	0.818993788462
D1bf	0.681046333497	0.639142207337	0.715856362593	0.0	0.671909218926	0.646982543012
C12	0.827011921859	0.747385743879	0.784070304017	0.671909218926	0.0	0.418681937599
C11	0.843972298718	0.807588789903	0.818993788462	0.646982543012	0.418681937599	0.0