	D1af	D3af	D5bf	D1bf	C12	C11
D1af	0.0	0.25738214964	0.212723067626	0.173987030216	0.353878779856	0.352274667626
D3af	0.25738214964	0.0	0.348089804317	0.349479764029	0.42777742446	0.427550307914
D5bf	0.212723067626	0.348089804317	0.0	0.153705096403	0.204798917986	0.203064446043
D1bf	0.173987030216	0.349479764029	0.153705096403	0.0	0.200851939568	0.199410843165
C12	0.353878779856	0.42777742446	0.204798917986	0.200851939568	0.0	0.00423241726619
C11	0.352274667626	0.427550307914	0.203064446043	0.199410843165	0.00423241726619	0.0